DestinationPort
80.0       35
389.0      14
135.0       4
445.0       2
49674.0     2
53.0        2
51907.0     2
56142.0     1
61469.0     1
62815.0     1
58533.0     1
59040.0     1
56737.0     1
58564.0     1
58322.0     1
58727.0     1
53220.0     1
55889.0     1
65535.0     1
61288.0     1
60982.0     1
60060.0     1
62080.0     1
55935.0     1
60901.0     1
55948.0     1
62356.0     1
57628.0     1
55492.0     1
61815.0     1
58483.0     1
61609.0     1
60272.0     1
61127.0     1
52753.0     1
56873.0     1