ProcessId
704       220
1648      174
0x788     160
1784      133
3616       64
452        41
1696       40
0x6a0      40
380        39
3548       36
3472       36
1928       28
6504       27
3120       24
4164       22
340        21
3596       18
908        18
3280       16
3532       15
3304       13
3052       12
0x670      12
0x0        10
2440       10
0x988       9
4           7
3140        6
0x2dc       6
0x1968      6
3268        6
1400        5
976         4
4472        4
1448        4
1560        3
768         3
1436        3
5680        3
0x934       3
1740        3
860         3
0xc44       3
1392        3
6480        2
3440        2
0x9dc       2
3292        2
0x1630      2
3860        2
2272        2
2452        1
1492        1
0x994       1
0x157c      1
0x8e0       1
0x2c0       1
7628        1
2808        1
5500        1
0x6f8       1
3736        1
0x1bc4      1
7108        1
2044        1
0x7fc       1
2524        1
0xce8       1
212         1
0xd4        1
4712        1
0x578       1