RecordNumber
2339      2
2424      2
2383      2
2384      2
2340      2
2488      2
2236      2
2385      2
2341      2
2237      2
2467      2
2386      2
2425      2
2238      2
2387      2
2178      2
2179      2
2469      2
2454      2
2388      2
2389      2
2181      2
2239      2
2426      2
2390      2
2240      2
2455      2
2241      2
2343      2
2391      2
6724      2
2242      2
2182      2
2183      2
2392      2
2243      2
2427      2
2344      2
2393      2
2345      2
2244      2
2470      2
2394      2
2245      2
2471      2
2395      2
2456      2
2246      2
2247      2
2396      2
2346      2
2248      2
2428      2
2347      2
2249      2
2397      2
2184      2
2480      2
2185      2
2398      2
2481      2
2187      2
2250      2
2251      2
2399      2
2348      2
2188      2
2189      2
2252      2
2457      2
2400      2
2253      2
2429      2
2401      2
2254      2
2350      2
2472      2
2402      2
2255      2
2349      2
2430      2
2256      2
2403      2
2486      2
2257      2
2404      2
2351      2
2431      2
2258      2
2473      2
2259      2
2405      2
2458      2
2260      2
2432      2
2261      2
2191      2
2352      2
2406      2
2353      2
2192      2
2407      2
2354      2
2262      2
2459      2
2433      2
2263      2
2264      2
2408      2
2482      2
2265      2
2266      2
2267      2
2409      2
2410      2
2434      2
2268      2
2355      2
2269      2
2411      2
2270      2
2356      2
2271      2
2483      2
2272      2
2412      2
2273      2
2435      2
2274      2
2275      2
2474      2
2193      2
2194      2
2276      2
2413      2
2195      2
2196      2
2414      2
2197      2
2277      2
2199      2
2278      2
2200      2
2436      2
2280      2
2279      2
2460      2
2357      2
2281      2
2475      2
2282      2
2437      2
2358      2
2283      2
2438      2
2285      2
2284      2
2415      2
2202      2
2286      2
2204      2
2203      2
2359      2
2205      2
2206      2
2287      2
2461      2
2207      2
2208      2
2209      2
2360      2
2210      2
2211      2
2288      2
2289      2
2212      2
2439      2
2487      2
2213      2
2290      2
2214      2
2416      2
2291      2
2440      2
2215      2
2292      2
2216      2
2476      2
2217      2
2293      2
2218      2
2361      2
2294      2
2219      2
2220      2
2295      2
2296      2
2221      2
2441      2
2222      2
2417      2
2463      2
2297      2
2223      2
2442      2
2298      2
2362      2
2299      2
2418      2
2300      2
2462      2
2224      2
2301      2
2363      2
2444      2
2302      2
2225      2
2303      2
2443      2
2304      2
2364      2
2305      2
2419      2
2306      2
2477      2
2307      2
2464      2
2308      2
2309      2
2445      2
2420      2
2310      2
2226      2
2311      2
2489      2
2365      2
2312      2
2227      2
2366      2
2446      2
2313      2
2314      2
2315      2
2367      2
2316      2
2465      2
2368      2
2317      2
2484      2
2318      2
2447      2
2369      2
2321      2
2466      2
2319      2
2320      2
2370      2
2322      2
2228      2
2448      2
2323      2
2371      2
2324      2
2421      2
2325      2
2372      2
2326      2
2478      2
2373      2
2327      2
2422      2
2374      2
2328      2
2449      2
2329      2
2485      2
2450      2
2330      2
2331      2
2377      2
2229      2
2332      2
2423      2
2230      2
2333      2
2375      2
2376      2
2334      2
2335      2
2378      2
2336      2
2468      2
2231      2
2379      2
2451      2
2337      2
2232      2
2380      2
2452      2
2381      2
2233      2
2479      2
2234      2
2338      2
2453      2
2382      2
2235      2
6511      2
6509      2
6510      2
6512      2
6513      2
6514      2
6515      2
6516      2
6518      2
6517      2
6520      2
6519      2
6521      2
6522      2
6523      2
6524      2
6525      2
6526      2
6527      2
6528      2
6530      2
6529      2
6531      2
6532      2
6533      2
6534      2
6535      2
6536      2
6537      2
6538      2
6540      2
6541      2
6539      2
6544      2
6543      2
6542      2
6545      2
6546      2
6547      2
6548      2
6549      2
6550      2
6551      2
6552      2
6553      2
6554      2
6557      2
6555      2
6556      2
6558      2
6559      2
6560      2
6561      2
6562      2
6563      2
6566      2
6565      2
6569      2
6567      2
6568      2
6570      2
6571      2
6572      2
6573      2
6579      2
6586      2
6585      2
6584      2
6583      2
6582      2
6581      2
6578      2
6587      2
6577      2
6576      2
6575      2
6574      2
6580      2
6588      2
6593      2
6592      2
6590      2
6591      2
6589      2
6594      2
6595      2
6597      2
6598      2
6599      2
6600      2
6601      2
6604      2
6605      2
6602      2
6606      2
6607      2
6608      2
6609      2
6611      2
6612      2
6613      2
6614      2
6615      2
6616      2
6620      2
6618      2
6619      2
6621      2
6622      2
6623      2
6625      2
6626      2
6630      2
6627      2
6628      2
6629      2
6632      2
6633      2
6634      2
6635      2
6636      2
6637      2
6640      2
6639      2
6641      2
6642      2
6643      2
6644      2
6646      2
6647      2
6648      2
6649      2
6650      2
6651      2
6653      2
6654      2
6655      2
6656      2
6657      2
6658      2
6660      2
6661      2
6663      2
6662      2
6664      2
6665      2
6667      2
6668      2
6670      2
6669      2
6671      2
6672      2
6674      2
6675      2
6676      2
6677      2
6678      2
6679      2
6681      2
6682      2
6683      2
6684      2
6685      2
6686      2
6688      2
6690      2
6689      2
6691      2
6692      2
6693      2
6695      2
6696      2
6697      2
6698      2
6703      2
6702      2
6699      2
6700      2
6706      2
6704      2
6705      2
6709      2
6710      2
6707      2
6711      2
6718      2
6719      2
6717      2
6716      2
6714      2
6713      2
6712      2
6731      2
6730      2
6728      2
6726      2
6727      2
6723      2
6721      2
6720      2
6725      2
6741      2
6747      2
6746      2
6745      2
6742      2
6740      2
6744      2
6737      2
6738      2
6735      2
6739      2
6734      2
6733      2
6732      2
6754      2
6753      2
6752      2
6755      2
6749      2
6748      2
6751      2
6763      2
6761      2
6760      2
6762      2
6757      2
6756      2
6758      2
6775      2
6780      2
6779      2
6778      2
6777      2
6776      2
6774      2
6770      2
6771      2
6764      2
6765      2
6767      2
6772      2
6769      2
6768      2
6781      2
6782      2
6784      2
6783      2
6785      2
6786      2
6788      2
6787      2
6789      2
6790      2
6794      2
6791      2
6792      2
6793      2
6797      2
6795      2
6796      2
6798      2
6799      2
6800      2
6801      2
6802      2
6803      2
6805      2
6804      2
6807      2
6806      2
6808      2
6809      2
6810      2
6811      2
6813      2
6812      2
6814      2
6816      2
6815      2
6818      2
6819      2
6817      2
6820      2
6821      2
6822      2
6823      2
6824      2
6825      2
6826      2
6828      2
6829      2
6827      2
6830      2
6831      2
6832      2
6833      2
6834      2
6835      2
6836      2
6837      2
6838      2
6839      2
6841      2
6842      2
6840      2
6843      2
6844      2
6845      2
6846      2
6847      2
6848      2
6849      2
6850      2
6853      2
6852      2
6851      2
6854      2
6855      2
6856      2
6857      2
6858      2
6859      2
6860      2
6861      2
6868      2
6867      2
6869      2
6866      2
6865      2
6864      2
6863      2
6862      2
6870      2
6871      2
6872      2
6873      2
6874      2
6875      2
6877      2
6876      2
6878      2
6879      2
6880      2
6881      2
6882      2
6883      2
6884      2
6885      2
6887      2
6886      2
6890      2
6889      2
6888      2
6891      2
6892      2
6893      2
6894      2
6895      2
6897      2
6898      2
6899      2
6902      2
6900      2
6901      2
6903      2
6904      2
6905      2
6906      2
6907      2
6908      2
6910      2
6909      2
6911      2
6913      2
6912      2
6914      2
6915      2
6916      2
6917      2
6918      2
6922      2
6919      2
6920      2
6921      2
6923      2
6924      2
6925      2
6926      2
6927      2
6928      2
6936      2
6935      2
6937      2
6933      2
6934      2
6931      2
6930      2
6929      2
6932      2
6938      2
6939      2
6940      2
6941      2
6942      2
6945      2
6943      2
6944      2
6946      2
6947      2
6948      2
6949      2
6950      2
6951      2
6952      2
6953      2
6955      2
6954      2
6956      2
6957      2
6962      2
6963      2
6961      2
6958      2
6959      2
6960      2
6964      2
6965      2
6966      2
6967      2
6968      2
6970      2
6971      2
6969      2
6973      2
6972      2
6974      2
6975      2
6976      2
6977      2
6978      2
6980      2
6979      2
6983      2
6981      2
6982      2
6984      2
6985      2
6986      2
6987      2
6988      2
6989      2
6991      2
6990      2
6993      2
6992      2
6994      2
6995      2
6996      2
6997      2
6998      2
6999      2
7000      2
7001      2
7003      2
7002      2
7004      2
7007      2
7005      2
7011      2
7010      2
7009      2
7013      2
7014      2
7022      2
7021      2
7020      2
7019      2
7017      2
7016      2
7015      2
7024      2
7023      2
7026      2
7027      2
7028      2
7029      2
7030      2
7031      2
7033      2
7034      2
7036      2
7035      2
7037      2
7038      2
7040      2
7041      2
7043      2
7042      2
7044      2
7045      2
7048      2
7047      2
7049      2
7050      2
7051      2
7052      2
7054      2
7056      2
7055      2
7057      2
7058      2
7061      2
7062      2
7063      2
7064      2
7065      2
7066      2
7068      2
7069      2
7070      2
7071      2
7072      2
7073      2
7075      2
7076      2
7077      2
7078      2
7079      2
7080      2
7082      2
7083      2
7085      2
7084      2
7086      2
7087      2
7089      2
7090      2
7092      2
7093      2
7094      2
7097      2
7096      2
7099      2
7100      2
7101      2
7103      2
7104      2
7106      2
7107      2
7108      2
7114      2
7113      2
7110      2
7111      2
7115      2
7117      2
7118      2
7120      2
7121      2
7122      2
7124      2
7125      2
7127      2
7128      2
7129      2
7131      2
7132      2
7134      2
7135      2
7136      2
7138      2
7139      2
7141      2
7142      2
7143      2
7145      2
7146      2
7148      2
7149      2
7150      2
7152      2
7153      2
7155      2
7156      2
7157      2
7159      2
7160      2
7162      2
7163      2
7164      2
7166      2
7167      2
7169      2
7170      2
7171      2
7173      2
7174      2
7176      2
7177      2
7178      2
7180      2
7181      2
7183      2
7184      2
7185      2
7187      2
7188      2
7190      2
7191      2
7192      2
7194      2
7195      2
7197      2
7198      2
7199      2
7201      2
7202      2
7204      2
7205      2
7206      2
7208      2
7209      2
7211      2
7212      2
7213      2
7215      2
7216      2
7218      2
757100    1
1973      1
757101    1
1974      1
1975      1
1976      1
1977      1
1978      1
1979      1
1980      1
1981      1
1982      1
1983      1
1984      1
1985      1
1986      1
1987      1
1988      1
1989      1
1990      1
1991      1
1992      1
1993      1
1994      1
1995      1
1996      1
1997      1
1998      1
1999      1
2000      1
2001      1
2002      1
2003      1
2490      1
2004      1
2005      1
2491      1
2492      1
2006      1
2493      1
2007      1
2494      1
2495      1
2008      1
2496      1
2010      1
2009      1
2497      1
2498      1
2499      1
2012      1
2011      1
2500      1
2013      1
2501      1
2014      1
2502      1
2015      1
2503      1
2016      1
2017      1
2504      1
2505      1
2018      1
2506      1
2019      1
2507      1
2020      1
2021      1
2508      1
2509      1
2022      1
2510      1
2023      1
2024      1
2511      1
2512      1
2025      1
2513      1
2026      1
2027      1
2514      1
2028      1
2029      1
2515      1
2516      1
2030      1
2517      1
2518      1
2031      1
2519      1
2032      1
2033      1
2520      1
2035      1
2521      1
2034      1
2522      1
2036      1
2523      1
2037      1
2524      1
2525      1
2038      1
2039      1
2526      1
2040      1
2527      1
2041      1
2528      1
2042      1
2043      1
2529      1
2530      1
2044      1
2531      1
2045      1
2046      1
2047      1
2532      1
2533      1
2048      1
2534      1
2049      1
2535      1
2050      1
2051      1
2536      1
2052      1
2537      1
2538      1
2053      1
2539      1
2054      1
2055      1
2540      1
2056      1
2541      1
2542      1
2543      1
2057      1
2544      1
2545      1
2058      1
2059      1
2546      1
2060      1
2547      1
2061      1
2548      1
2062      1
2063      1
2549      1
2550      1
2064      1
2551      1
2065      1
2552      1
2066      1
2067      1
2553      1
2068      1
2554      1
2069      1
2070      1
2555      1
2556      1
2071      1
2557      1
2072      1
2073      1
2558      1
2074      1
2560      1
2559      1
2075      1
2076      1
2561      1
2562      1
2077      1
2563      1
2078      1
2564      1
2079      1
2565      1
2080      1
2566      1
2081      1
2082      1
2567      1
2083      1
2568      1
2084      1
2569      1
2085      1
2570      1
2086      1
2571      1
2087      1
2572      1
2088      1
2089      1
2573      1
2574      1
2090      1
2575      1
2091      1
2576      1
2092      1
2578      1
2093      1
2577      1
2095      1
2094      1
2579      1
2580      1
2096      1
2097      1
2581      1
2098      1
2582      1
2099      1
2100      1
2583      1
2101      1
2584      1
2585      1
2102      1
2586      1
2103      1
2587      1
2104      1
2588      1
2105      1
2106      1
2589      1
2107      1
2590      1
2591      1
2108      1
2592      1
2593      1
2109      1
2594      1
2110      1
2595      1
2111      1
2112      1
2596      1
2597      1
2113      1
2114      1
2598      1
2115      1
2599      1
2116      1
2600      1
2601      1
2117      1
2118      1
2602      1
2603      1
2119      1
2120      1
2604      1
2121      1
2605      1
2122      1
2606      1
2123      1
2607      1
2124      1
2608      1
2125      1
2126      1
2609      1
2610      1
2127      1
2611      1
2128      1
2129      1
2612      1
2130      1
2131      1
2613      1
2614      1
2615      1
2132      1
2133      1
2616      1
2134      1
2617      1
2135      1
2136      1
2618      1
2619      1
2620      1
2137      1
2621      1
2138      1
2622      1
2139      1
2623      1
2140      1
2624      1
2141      1
2142      1
2625      1
2626      1
2143      1
2144      1
2627      1
2628      1
2145      1
2146      1
2629      1
2148      1
2147      1
2630      1
2631      1
2149      1
2632      1
2633      1
2150      1
2151      1
2634      1
2635      1
2152      1
2153      1
2154      1
2637      1
2636      1
2638      1
2155      1
2156      1
2639      1
2157      1
2640      1
2158      1
2641      1
2159      1
2160      1
2642      1
2643      1
2644      1
2162      1
2645      1
2161      1
2646      1
2163      1
2164      1
2647      1
2166      1
2165      1
2648      1
2649      1
2650      1
2167      1
2168      1
2651      1
2652      1
2169      1
2170      1
2654      1
2171      1
2653      1
2655      1
2172      1
2173      1
2656      1
2657      1
2174      1
2658      1
2175      1
2659      1
2176      1
2660      1
2177      1
2661      1
2662      1
2180      1
2663      1
2664      1
2665      1
2666      1
2667      1
2668      1
2669      1
2670      1
2671      1
2672      1
2673      1
2674      1
2675      1
2676      1
2678      1
2677      1
2679      1
2680      1
2681      1
2682      1
2683      1
2684      1
2685      1
2686      1
2687      1
2689      1
2688      1
2690      1
2691      1
2692      1
2693      1
2694      1
2695      1
2696      1
2697      1
2698      1
2700      1
2699      1
2701      1
2702      1
2703      1
2704      1
2705      1
2706      1
2707      1
2708      1
2715      1
2714      1
2713      1
2711      1
2710      1
2709      1
2712      1
2716      1
2717      1
2718      1
2719      1
2720      1
2721      1
2723      1
2722      1
2724      1
2725      1
2726      1
2727      1
2728      1
2729      1
2730      1
2731      1
2733      1
2732      1
2734      1
2735      1
2736      1
2737      1
2738      1
2739      1
2740      1
2741      1
2742      1
2743      1
2744      1
2745      1
2747      1
2746      1
2748      1
2749      1
2750      1
2751      1
2752      1
2753      1
2754      1
2755      1
2756      1
2757      1
2758      1
2759      1
2760      1
2761      1
2762      1
2763      1
2764      1
2765      1
2766      1
2186      1
2190      1
2201      1
2198      1
757102    1
757103    1
202259    1
202260    1
725734    1
2790      1
2791      1
2793      1
2792      1
2794      1
2795      1
2796      1
2797      1
2798      1
2799      1
2800      1
2801      1
2802      1
2803      1
2805      1
2804      1
2806      1
2807      1
2808      1
2809      1
2810      1
2811      1
2812      1
2813      1
2815      1
2814      1
2817      1
2816      1
2818      1
2819      1
2820      1
2821      1
2822      1
2823      1
2825      1
2826      1
2824      1
2827      1
2828      1
2829      1
2830      1
2831      1
2833      1
2832      1
2834      1
2837      1
2838      1
2835      1
2836      1
2841      1
2839      1
2840      1
2842      1
2843      1
2844      1
2845      1
2846      1
2847      1
2848      1
2849      1
2850      1
2854      1
2853      1
2851      1
2852      1
2855      1
2856      1
2857      1
2858      1
2860      1
2859      1
2862      1
2863      1
2861      1
2864      1
2865      1
2866      1
2867      1
2868      1
2869      1
2872      1
2870      1
2871      1
2873      1
2874      1
2875      1
2876      1
2877      1
2878      1
2879      1
2880      1
2881      1
2882      1
2884      1
2883      1
2887      1
2885      1
2886      1
2888      1
2889      1
2890      1
2891      1
2892      1
2893      1
2894      1
2895      1
2897      1
2896      1
2898      1
2899      1
2900      1
2901      1
2902      1
2903      1
2904      1
2905      1
2907      1
2906      1
2908      1
2909      1
2910      1
2911      1
2912      1
2913      1
2914      1
2915      1
2916      1
2917      1
2918      1
2919      1
2920      1
2921      1
2922      1
2924      1
2925      1
2923      1
2926      1
2928      1
2927      1
2929      1
2930      1
2931      1
2933      1
2932      1
2934      1
2935      1
2936      1
2937      1
2938      1
2939      1
2940      1
2941      1
2942      1
2943      1
2945      1
2944      1
2946      1
2947      1
2948      1
2949      1
2950      1
2951      1
2952      1
2953      1
2954      1
2955      1
2958      1
2956      1
2957      1
2959      1
2960      1
2961      1
725735    1
2962      1
2963      1
2964      1
3427      1
234925    1
659138    1
3428      1
3429      1
3430      1
3431      1
3432      1
3433      1
3434      1
3435      1
3436      1
3437      1
3438      1
3439      1
3440      1
3441      1
3442      1
3443      1
3444      1
3445      1
3446      1
3447      1
3448      1
3449      1
3450      1
3451      1
3452      1
3453      1
3454      1
3455      1
3456      1
3457      1
3458      1
3459      1
3460      1
3461      1
3470      1
3469      1
3468      1
3467      1
3463      1
3465      1
3464      1
3462      1
3466      1
3478      1
3477      1
3475      1
3476      1
3473      1
3472      1
3471      1
3474      1
3479      1
3480      1
3481      1
3482      1
3483      1
3485      1
3484      1
3488      1
3487      1
3486      1
3489      1
3490      1
3491      1
3492      1
3493      1
3494      1
3495      1
3496      1
3499      1
3498      1
3497      1
3500      1
3501      1
3502      1
3503      1
3504      1
3505      1
3506      1
3507      1
3508      1
3509      1
3510      1
3511      1
3512      1
3513      1
3514      1
3520      1
3519      1
3518      1
3521      1
3516      1
3515      1
3517      1
3522      1
3523      1
3524      1
3525      1
3526      1
3527      1
3528      1
3529      1
3530      1
3534      1
3533      1
3535      1
3531      1
3532      1
3536      1
3544      1
3545      1
3542      1
3541      1
3543      1
3539      1
3538      1
3537      1
3540      1
3546      1
3547      1
3548      1
3555      1
3559      1
3557      1
3556      1
3554      1
3558      1
3552      1
3551      1
3550      1
3549      1
3553      1
3560      1
3561      1
3562      1
3563      1
3564      1
3565      1
3566      1
3567      1
3568      1
3569      1
3570      1
3571      1
3572      1
3573      1
3574      1
3575      1
3576      1
3588      1
3587      1
3586      1
3589      1
3585      1
3584      1
3580      1
3582      1
3577      1
3578      1
3583      1
3581      1
3579      1
4194      1
4193      1
4192      1
3601      1
3600      1
3599      1
3598      1
3597      1
3596      1
3595      1
3594      1
3593      1
3592      1
3591      1
3590      1
4195      1
4196      1
4197      1
4199      1
4198      1
4200      1
4201      1
4202      1
4203      1
4204      1
4205      1
4206      1
4207      1
4209      1
4216      1
4215      1
4214      1
4213      1
4208      1
4211      1
4210      1
4217      1
4212      1
4218      1
4223      1
4221      1
4222      1
4219      1
4220      1
4224      1
4225      1
4226      1
4227      1
4228      1
4229      1
4232      1
4233      1
4230      1
4231      1
4234      1
4235      1
4236      1
4237      1
4238      1
4239      1
4240      1
4241      1
4242      1
4243      1
4245      1
4244      1
4246      1
4247      1
4248      1
4249      1
4250      1
4251      1
4252      1
4253      1
4254      1
4256      1
4255      1
4257      1
4258      1
4259      1
4260      1
4261      1
4263      1
4262      1
4264      1
4265      1
4268      1
4266      1
4267      1
4269      1
4270      1
4271      1
4272      1
4273      1
4274      1
4275      1
4277      1
4278      1
4276      1
4279      1
4280      1
4281      1
4282      1
4283      1
4284      1
4288      1
4285      1
4286      1
4287      1
4290      1
4289      1
4291      1
4292      1
4293      1
4294      1
4295      1
4296      1
4297      1
4298      1
4299      1
4300      1
4303      1
4301      1
4302      1
4304      1
4305      1
4306      1
4310      1
4307      1
4308      1
4309      1
4313      1
4311      1
4312      1
4314      1
4315      1
4316      1
4317      1
4319      1
4320      1
4321      1
4323      1
4322      1
4324      1
4325      1
4326      1
4327      1
4328      1
4329      1
4330      1
4333      1
4331      1
4332      1
4336      1
4334      1
4335      1
4337      1
4338      1
4339      1
4340      1
4341      1
4342      1
4344      1
4343      1
4345      1
4346      1
4347      1
4348      1
4349      1
4351      1
4350      1
4352      1
4354      1
4353      1
4355      1
4357      1
4356      1
4359      1
4358      1
4360      1
4361      1
4862      1
4863      1
4864      1
4865      1
4866      1
4867      1
4868      1
4869      1
4870      1
4873      1
4871      1
4872      1
4874      1
4875      1
4876      1
4877      1
4878      1
4879      1
4880      1
4881      1
4882      1
4883      1
4884      1
4886      1
4885      1
4887      1
4888      1
4889      1
4890      1
4891      1
4894      1
4895      1
4892      1
4893      1
4896      1
4897      1
4898      1
4899      1
4900      1
4901      1
4902      1
4903      1
4904      1
4909      1
4908      1
4906      1
4905      1
4907      1
4910      1
4911      1
4912      1
4913      1
4914      1
4915      1
4916      1
4917      1
4918      1
4920      1
4919      1
4921      1
4922      1
4923      1
4924      1
4925      1
4926      1
4927      1
4929      1
4928      1
4933      1
4932      1
4930      1
4931      1
4934      1
4935      1
4936      1
4937      1
4938      1
4939      1
4941      1
4940      1
4942      1
4943      1
4944      1
4945      1
4946      1
4947      1
4948      1
4950      1
4951      1
4949      1
4952      1
4954      1
4953      1
4955      1
4956      1
4957      1
4958      1
4959      1
4960      1
4961      1
4964      1
4965      1
4962      1
4963      1
4966      1
4967      1
4968      1
4969      1
4970      1
4971      1
4972      1
4973      1
4974      1
4976      1
4975      1
4978      1
4977      1
4979      1
4980      1
4981      1
4982      1
4983      1
4984      1
4985      1
4986      1
4987      1
4988      1
4991      1
4990      1
4989      1
4992      1
4993      1
4994      1
4995      1
4996      1
4997      1
4998      1
4999      1
5000      1
5002      1
5001      1
5003      1
5004      1
5006      1
5005      1
5007      1
5008      1
5009      1
5010      1
5011      1
5013      1
5012      1
5014      1
5015      1
5016      1
5017      1
5018      1
5019      1
5020      1
5021      1
5023      1
5024      1
5022      1
5025      1
5026      1
5027      1
5028      1
5029      1
5030      1
5031      1
5032      1
725736    1
725737    1
725740    1
725738    1
725739    1
725741    1
725742    1
725743    1
725745    1
725744    1
725746    1
725748    1
725747    1
725755    1
725754    1
725756    1
725753    1
725750    1
725751    1
725749    1
725752    1
725757    1
202261    1
202262    1
202263    1
202264    1
202265    1
202266    1
202270    1
202269    1
202267    1
202268    1
5033      1
5034      1
5035      1
5036      1
5427      1
5429      1
5428      1
5433      1
5432      1
5430      1
5431      1
5434      1
5435      1
5436      1
5437      1
5438      1
5441      1
5439      1
5440      1
5443      1
5442      1
5444      1
5445      1
5446      1
5447      1
5448      1
5449      1
5451      1
5452      1
5450      1
5453      1
5455      1
5454      1
5459      1
5458      1
5456      1
5457      1
5460      1
5461      1
5462      1
5463      1
5464      1
5465      1
5466      1
5467      1
5470      1
5468      1
5469      1
5471      1
5472      1
5473      1
5474      1
5475      1
5477      1
5476      1
234926    1
5478      1
5479      1
234927    1
5480      1
5481      1
5482      1
5483      1
5487      1
5484      1
5485      1
5486      1
5489      1
5488      1
5490      1
5491      1
5492      1
5493      1
5494      1
5495      1
5496      1
5497      1
5501      1
5500      1
5499      1
5498      1
5502      1
5503      1
5504      1
5505      1
5506      1
5507      1
5508      1
5509      1
5510      1
5513      1
5511      1
5512      1
5514      1
5515      1
5516      1
5517      1
5518      1
5519      1
5520      1
5521      1
5523      1
5522      1
5524      1
5525      1
5526      1
5527      1
5528      1
5529      1
5530      1
5531      1
5532      1
5533      1
5535      1
5534      1
5536      1
5537      1
5538      1
5539      1
5540      1
5541      1
5542      1
5543      1
5544      1
5546      1
5545      1
5547      1
5548      1
5549      1
5550      1
5551      1
5552      1
5553      1
5556      1
5554      1
5555      1
5557      1
5564      1
5558      1
5559      1
5560      1
5561      1
5562      1
5563      1
5566      1
5565      1
5567      1
5568      1
5569      1
5570      1
5571      1
5572      1
5573      1
5574      1
5575      1
5577      1
5576      1
5578      1
5579      1
5580      1
5581      1
5582      1
5583      1
5584      1
5585      1
5586      1
5589      1
5590      1
5587      1
5588      1
5592      1
5591      1
765266    1
5593      1
5594      1
5595      1
5596      1
5892      1
5893      1
5894      1
5895      1
5897      1
5896      1
5898      1
5899      1
5900      1
5901      1
5902      1
5903      1
5904      1
5906      1
5905      1
5907      1
5909      1
5908      1
5910      1
5911      1
5912      1
5913      1
5914      1
5915      1
5919      1
5916      1
5917      1
5918      1
5921      1
5920      1
5922      1
5923      1
5924      1
5925      1
5926      1
5927      1
5928      1
5929      1
5930      1
5933      1
5932      1
5931      1
5934      1
5935      1
5936      1
5937      1
5938      1
5939      1
5940      1
5941      1
5942      1
5943      1
5946      1
5944      1
5945      1
5947      1
5948      1
5949      1
5950      1
5951      1
5952      1
5953      1
5954      1
5958      1
5957      1
5955      1
5956      1
5959      1
5960      1
5961      1
5962      1
5963      1
5964      1
5965      1
5967      1
5966      1
5969      1
5968      1
5970      1
5971      1
5972      1
5973      1
5974      1
5975      1
5976      1
5977      1
5978      1
5979      1
725758    1
5980      1
5981      1
5982      1
5983      1
5984      1
5985      1
5986      1
5987      1
5988      1
5990      1
5989      1
5991      1
5992      1
5993      1
5994      1
5995      1
5996      1
5997      1
5998      1
5999      1
6002      1
6001      1
6000      1
6004      1
6003      1
6005      1
6013      1
6011      1
6010      1
6012      1
6008      1
6007      1
6006      1
6009      1
6014      1
6015      1
6016      1
6017      1
6018      1
6019      1
6020      1
6021      1
6032      1
6031      1
6024      1
6034      1
6030      1
6033      1
6029      1
6023      1
6027      1
6026      1
6025      1
6022      1
6028      1
6046      1
6045      1
6044      1
6043      1
6042      1
6041      1
6039      1
6038      1
6037      1
6036      1
6035      1
6040      1
6052      1
6051      1
6050      1
6048      1
6047      1
6049      1
6053      1
6054      1
6055      1
6056      1
6065      1
6064      1
6063      1
6062      1
6059      1
6060      1
6058      1
6057      1
6066      1
6061      1
6067      1
6076      1
6077      1
6072      1
6079      1
6078      1
6075      1
6070      1
6073      1
6068      1
6069      1
6074      1
6071      1
6080      1
6081      1
6082      1
6083      1
6084      1
6086      1
6087      1
6085      1
6088      1
6089      1
6090      1
6091      1
6092      1
6093      1
6094      1
6095      1
6096      1
6098      1
6097      1
6099      1
6100      1
6101      1
6102      1
4318      1
6106      1
6104      1
6105      1
6107      1
6109      1
6108      1
6110      1
6111      1
6112      1
6113      1
6114      1
6123      1
6121      1
6124      1
6119      1
6122      1
6120      1
6115      1
6116      1
6118      1
6117      1
6139      1
6138      1
6137      1
6136      1
6135      1
6134      1
6132      1
6133      1
6130      1
6129      1
6128      1
6127      1
6126      1
6125      1
6131      1
6145      1
6144      1
6143      1
6142      1
6140      1
6141      1
6146      1
6147      1
6148      1
6149      1
6150      1
6151      1
6152      1
6154      1
6153      1
6155      1
6156      1
6157      1
6158      1
6159      1
6160      1
6161      1
6162      1
6163      1
6164      1
6166      1
6165      1
6167      1
6168      1
6169      1
6170      1
6171      1
6172      1
6173      1
6174      1
6175      1
6176      1
6185      1
6184      1
6183      1
6182      1
6178      1
6180      1
6179      1
6177      1
6181      1
6192      1
6194      1
6193      1
6191      1
6188      1
6189      1
6187      1
6186      1
6190      1
6207      1
6206      1
6205      1
6204      1
6203      1
6202      1
6200      1
6199      1
6198      1
6197      1
6196      1
6195      1
6201      1
6213      1
6212      1
6211      1
6210      1
6209      1
6208      1
6214      1
6215      1
6216      1
6217      1
6218      1
6219      1
6220      1
6222      1
6221      1
6223      1
6224      1
6225      1
6226      1
6227      1
6228      1
6229      1
6230      1
6231      1
6232      1
6233      1
6234      1
6235      1
6236      1
6237      1
6238      1
6251      1
6250      1
6249      1
6248      1
6247      1
6246      1
6243      1
6244      1
6252      1
6242      1
6241      1
6240      1
6239      1
6245      1
6253      1
6262      1
6263      1
6261      1
6266      1
6264      1
6260      1
6265      1
6258      1
6257      1
6256      1
6255      1
6259      1
6254      1
6267      1
6268      1
6269      1
6275      1
6274      1
6273      1
6272      1
6271      1
6270      1
6276      1
6277      1
6278      1
6279      1
6280      1
6281      1
6282      1
6283      1
6285      1
6284      1
6286      1
6287      1
6288      1
6289      1
6290      1
6291      1
6292      1
6293      1
6294      1
6295      1
6297      1
6296      1
6298      1
6299      1
6300      1
6301      1
6302      1
6312      1
6313      1
6311      1
6315      1
6316      1
6314      1
6310      1
6304      1
6308      1
6307      1
6306      1
6305      1
6309      1
6303      1
6328      1
6327      1
6326      1
6325      1
6324      1
6323      1
6329      1
6321      1
6320      1
6319      1
6318      1
6317      1
6322      1
6330      1
6331      1
6343      1
6342      1
6341      1
6340      1
6339      1
6338      1
6336      1
6335      1
6334      1
6333      1
6332      1
6337      1
6350      1
6353      1
6352      1
6351      1
6349      1
6354      1
6347      1
6346      1
6345      1
6344      1
6348      1
6361      1
6360      1
6359      1
6362      1
6357      1
6356      1
6355      1
6358      1
6370      1
6369      1
6368      1
6367      1
6365      1
6364      1
6363      1
6366      1
6371      1
6372      1
6374      1
6373      1
6375      1
6377      1
6376      1
6378      1
6379      1
6380      1
6381      1
6382      1
6383      1
6390      1
6393      1
6392      1
6391      1
6389      1
6388      1
6387      1
6386      1
6385      1
6384      1
6394      1
6395      1
6396      1
6397      1
6398      1
6408      1
6409      1
6407      1
6411      1
6410      1
6406      1
6400      1
6404      1
6403      1
6402      1
6401      1
6405      1
6423      1
6422      1
6421      1
6420      1
6419      1
6418      1
6416      1
6415      1
6414      1
6413      1
6412      1
6417      1
6425      1
6424      1
6427      1
6428      1
6426      1
6429      1
6430      1
6431      1
6432      1
6433      1
6434      1
6435      1
6437      1
6436      1
6439      1
6438      1
6440      1
6441      1
6442      1
6443      1
6444      1
6445      1
6446      1
6452      1
6453      1
6451      1
6449      1
6450      1
6448      1
6447      1
6454      1
6455      1
6456      1
6457      1
6461      1
6460      1
6458      1
6459      1
6462      1
6463      1
6464      1
6465      1
6466      1
6467      1
6472      1
6473      1
6471      1
6474      1
6469      1
6468      1
6470      1
6475      1
6476      1
6477      1
6478      1
6479      1
6480      1
6481      1
6485      1
6484      1
6482      1
6483      1
6486      1
6487      1
6488      1
6489      1
6490      1
6491      1
6492      1
6493      1
6494      1
6495      1
6499      1
6498      1
6496      1
6497      1
6500      1
6501      1
6502      1
6503      1
6504      1
6505      1
6506      1
6507      1
6508      1
757026    1
757027    1
757028    1
725640    1
202199    1
202200    1
725641    1
234881    1
659135    1
202201    1
202202    1
234883    1
234884    1
1667      1
1668      1
765187    1
1672      1
1670      1
1671      1
765188    1
1673      1
765189    1
765190    1
757029    1
765191    1
765194    1
765193    1
757030    1
765192    1
202203    1
725642    1
202205    1
725643    1
202214    1
202219    1
202218    1
202213    1
202216    1
202211    1
202212    1
202209    1
202207    1
757031    1
757032    1
725644    1
659136    1
757033    1
757034    1
757035    1
1674      1
1675      1
1677      1
1678      1
1679      1
1680      1
725645    1
202220    1
202221    1
725646    1
1682      1
202222    1
202223    1
1683      1
1684      1
234885    1
234886    1
234899    1
234897    1
234895    1
234891    1
234889    1
234887    1
234893    1
234901    1
234903    1
234905    1
234907    1
234909    1
234921    1
234917    1
234919    1
234913    1
234915    1
234911    1
659137    1
725647    1
725648    1
202224    1
202225    1
202226    1
725649    1
725650    1
202227    1
725651    1
757036    1
202229    1
725652    1
725653    1
725654    1
725655    1
725657    1
725656    1
725658    1
725659    1
725660    1
725661    1
725662    1
725663    1
725667    1
725664    1
725665    1
725666    1
725668    1
725669    1
725670    1
1685      1
1686      1
1687      1
1688      1
1689      1
1690      1
1691      1
1692      1
1693      1
1694      1
1695      1
1696      1
1697      1
1698      1
1701      1
1700      1
1702      1
1704      1
1705      1
1706      1
1707      1
1708      1
1709      1
1710      1
1711      1
1712      1
1713      1
1714      1
1715      1
1716      1
1717      1
1718      1
1719      1
1720      1
1721      1
757104    1
725759    1
1723      1
725760    1
202271    1
1722      1
202272    1
725761    1
725762    1
1724      1
725764    1
725763    1
1725      1
1726      1
725765    1
725766    1
1727      1
725767    1
1728      1
659139    1
234928    1
659140    1
1729      1
725768    1
725769    1
659141    1
659142    1
725770    1
1730      1
659143    1
725771    1
1731      1
659144    1
725772    1
1732      1
659145    1
725773    1
725671    1
659146    1
757037    1
659147    1
757038    1
659148    1
659149    1
659150    1
757039    1
659151    1
1733      1
659152    1
757041    1
659153    1
725672    1
757040    1
1734      1
757042    1
725673    1
757043    1
757044    1
1735      1
757046    1
757045    1
757047    1
757048    1
757049    1
757050    1
757051    1
725674    1
757052    1
1736      1
757053    1
725675    1
757054    1
757055    1
757056    1
757057    1
725676    1
757058    1
757059    1
1737      1
757060    1
757061    1
6103      1
757064    1
757063    1
757062    1
757065    1
757066    1
757067    1
757068    1
757069    1
1738      1
757070    1
725677    1
757071    1
757072    1
757073    1
757074    1
757075    1
757076    1
757077    1
757078    1
757079    1
757080    1
202230    1
1739      1
757082    1
757081    1
757083    1
757084    1
202231    1
1740      1
725678    1
757085    1
757086    1
757087    1
757088    1
757089    1
202232    1
757090    1
725679    1
757091    1
1741      1
757092    1
202233    1
725680    1
757093    1
725681    1
1742      1
202234    1
757094    1
725682    1
1743      1
202235    1
725683    1
202236    1
1744      1
202237    1
725684    1
1745      1
1746      1
202238    1
725685    1
1747      1
725686    1
202239    1
202240    1
1748      1
1749      1
202241    1
725687    1
202242    1
725688    1
1750      1
202244    1
725689    1
202243    1
1751      1
1752      1
725690    1
202245    1
1753      1
725691    1
1754      1
725692    1
725693    1
1755      1
725694    1
1756      1
725695    1
1757      1
725696    1
1758      1
725697    1
1759      1
725698    1
1760      1
725699    1
1761      1
725700    1
1762      1
725701    1
1763      1
725702    1
1764      1
725703    1
1765      1
725704    1
1766      1
725705    1
1767      1
725706    1
1768      1
725707    1
1769      1
725708    1
1770      1
725709    1
1771      1
725710    1
1772      1
725711    1
1773      1
1774      1
725712    1
1775      1
1776      1
1777      1
1778      1
1779      1
1780      1
1781      1
1782      1
1783      1
1784      1
1785      1
1786      1
1787      1
1788      1
1789      1
1790      1
1791      1
1792      1
1793      1
1794      1
1795      1
1796      1
1797      1
1798      1
1799      1
1800      1
1801      1
1802      1
1803      1
1804      1
1805      1
1806      1
1807      1
1808      1
1810      1
1809      1
1811      1
1812      1
1813      1
1814      1
6896      1
1815      1
1816      1
1817      1
1818      1
1819      1
1820      1
1821      1
1822      1
1823      1
1824      1
1825      1
1826      1
1827      1
1828      1
1829      1
1830      1
1831      1
1832      1
1834      1
1833      1
1835      1
1836      1
1837      1
1838      1
1839      1
1840      1
1841      1
1842      1
578       1
1843      1
1844      1
1845      1
1846      1
1847      1
1849      1
1848      1
1850      1
1851      1
765195    1
765196    1
765198    1
1853      1
1852      1
765197    1
765201    1
765202    1
765200    1
765199    1
1854      1
765203    1
765204    1
765205    1
1855      1
765206    1
765207    1
765208    1
2342      1
1856      1
765209    1
765210    1
765211    1
765212    1
1857      1
765216    1
765214    1
765215    1
765213    1
765217    1
1858      1
765218    1
765219    1
765220    1
1859      1
765221    1
765222    1
765223    1
1860      1
765224    1
765225    1
765226    1
765227    1
1861      1
765230    1
765229    1
765228    1
1862      1
765231    1
1863      1
765232    1
765233    1
765236    1
765235    1
1865      1
1864      1
765234    1
765237    1
765238    1
1866      1
765239    1
1867      1
765240    1
765242    1
1868      1
765241    1
765243    1
1869      1
765244    1
765245    1
765246    1
1870      1
765247    1
765249    1
765248    1
765251    1
765250    1
757107    1
757106    1
757105    1
202276    1
202275    1
202274    1
202273    1
725776    1
725774    1
1871      1
765252    1
765253    1
765254    1
1872      1
1873      1
765255    1
725775    1
725777    1
725778    1
765256    1
765257    1
1874      1
765258    1
765259    1
765260    1
202277    1
202278    1
202279    1
234930    1
202280    1
234929    1
725779    1
725780    1
202281    1
757108    1
757109    1
1875      1
765264    1
765261    1
1876      1
765262    1
202282    1
1877      1
202283    1
725781    1
725782    1
765263    1
202284    1
202285    1
765265    1
202286    1
202287    1
1878      1
1879      1
765269    1
765268    1
757111    1
765267    1
757110    1
1880      1
1881      1
757112    1
765270    1
234931    1
234932    1
202288    1
725783    1
202289    1
765275    1
765274    1
765273    1
725784    1
765271    1
765272    1
757113    1
765276    1
757114    1
765277    1
765278    1
765279    1
765280    1
765283    1
765281    1
765282    1
765284    1
765285    1
765286    1
765287    1
765288    1
757116    1
757115    1
757119    1
757117    1
757118    1
757120    1
757121    1
757122    1
725785    1
1882      1
1883      1
757123    1
1884      1
1885      1
765289    1
1886      1
765290    1
757124    1
1887      1
757125    1
757127    1
765291    1
757126    1
765292    1
765294    1
757129    1
765293    1
757128    1
757130    1
765295    1
757131    1
765296    1
757132    1
765297    1
757133    1
765298    1
765299    1
757134    1
757135    1
765300    1
765301    1
757136    1
765302    1
757137    1
765303    1
765304    1
757138    1
765305    1
757141    1
765307    1
765306    1
757139    1
757140    1
765308    1
757142    1
765309    1
757143    1
765310    1
757144    1
757145    1
765311    1
765314    1
765313    1
765312    1
757146    1
757147    1
757148    1
765315    1
757149    1
757150    1
765317    1
757151    1
765316    1
757152    1
765318    1
765321    1
757155    1
765320    1
765322    1
765319    1
757153    1
757154    1
757156    1
757157    1
765323    1
765326    1
757158    1
765324    1
765325    1
757159    1
765327    1
765328    1
757160    1
765329    1
765334    1
765335    1
765333    1
765331    1
765332    1
765330    1
765336    1
765337    1
765338    1
765339    1
765340    1
765341    1
765342    1
765343    1
765348    1
765347    1
765345    1
765344    1
765346    1
765349    1
765350    1
765351    1
765352    1
765353    1
765359    1
765361    1
765360    1
765358    1
765355    1
765356    1
765357    1
765354    1
765362    1
765363    1
765364    1
765365    1
765367    1
765366    1
765368    1
765369    1
765370    1
765371    1
765372    1
765373    1
765374    1
765378    1
765377    1
765376    1
765375    1
765379    1
765380    1
765381    1
765382    1
765383    1
765384    1
765392    1
765391    1
765390    1
765389    1
765386    1
765387    1
765385    1
765388    1
765397    1
765396    1
765398    1
765394    1
765393    1
765395    1
765399    1
765400    1
765401    1
765402    1
765403    1
765410    1
765409    1
765408    1
765407    1
765405    1
765404    1
765406    1
765417    1
765411    1
765412    1
765413    1
765414    1
765415    1
765416    1
765418    1
765426    1
765425    1
765423    1
765424    1
765421    1
765419    1
765422    1
765420    1
765427    1
765428    1
765429    1
765437    1
765439    1
765438    1
765436    1
765435    1
765433    1
765432    1
765431    1
765430    1
765434    1
765444    1
765440    1
765441    1
765442    1
765443    1
765450    1
765447    1
765451    1
765449    1
765445    1
765446    1
765448    1
765452    1
765453    1
765454    1
765460    1
765458    1
765459    1
765456    1
765455    1
765457    1
765461    1
202290    1
725786    1
202291    1
757161    1
757163    1
757162    1
757166    1
757165    1
757164    1
757167    1
757168    1
757169    1
757170    1
757171    1
757172    1
757173    1
757174    1
757176    1
757177    1
757175    1
757178    1
757179    1
757180    1
757181    1
757182    1
757183    1
757184    1
757185    1
757186    1
757187    1
765462    1
757188    1
757189    1
725787    1
725788    1
202292    1
725789    1
202293    1
725790    1
202294    1
725791    1
725792    1
725793    1
1890      1
725794    1
1889      1
725795    1
725796    1
725798    1
725797    1
725799    1
725800    1
1888      1
725801    1
1891      1
1892      1
765465    1
757190    1
765464    1
1893      1
757191    1
765466    1
765467    1
765468    1
765469    1
765470    1
234933    1
234934    1
757192    1
202296    1
725802    1
202295    1
757193    1
725803    1
757194    1
757195    1
659154    1
659155    1
1894      1
7059      1
234935    1
1895      1
1896      1
1897      1
1898      1
202297    1
725804    1
202298    1
725805    1
1899      1
202300    1
202299    1
1900      1
1901      1
1902      1
1903      1
1904      1
234937    1
234938    1
725806    1
202301    1
202302    1
765474    1
765473    1
765472    1
765471    1
725807    1
757196    1
725808    1
1905      1
1906      1
1907      1
1908      1
1909      1
1910      1
202303    1
725809    1
202304    1
725810    1
725811    1
725812    1
725813    1
725814    1
725815    1
725816    1
725818    1
725819    1
725817    1
725820    1
725821    1
725822    1
725823    1
725824    1
725825    1
725826    1
725827    1
725828    1
725829    1
725831    1
725830    1
725832    1
725833    1
725834    1
725835    1
725836    1
725837    1
725838    1
725840    1
725841    1
725839    1
725844    1
725843    1
725842    1
725845    1
725846    1
725847    1
725848    1
725849    1
725850    1
725851    1
725852    1
725854    1
725855    1
725853    1
725856    1
725857    1
725858    1
725859    1
725860    1
725861    1
725862    1
725865    1
725863    1
725864    1
725868    1
725866    1
725867    1
725869    1
725870    1
725871    1
725872    1
725873    1
725876    1
725874    1
725875    1
725878    1
725877    1
725879    1
725880    1
725881    1
725882    1
725884    1
725883    1
725886    1
725887    1
725885    1
725888    1
725890    1
725889    1
725891    1
725892    1
725893    1
725894    1
725895    1
725896    1
725897    1
725899    1
725898    1
725902    1
725901    1
725900    1
725903    1
725904    1
725905    1
725906    1
725908    1
725907    1
725909    1
725911    1
725910    1
725912    1
725913    1
725914    1
725915    1
725916    1
725917    1
725918    1
725919    1
725920    1
725921    1
725922    1
725926    1
725925    1
725923    1
725924    1
725927    1
725928    1
725929    1
725931    1
725930    1
725934    1
725935    1
725932    1
725933    1
725938    1
725937    1
725936    1
725939    1
725940    1
202305    1
202306    1
1911      1
1912      1
1913      1
1914      1
234940    1
234939    1
1915      1
1916      1
202307    1
725941    1
202308    1
725942    1
757197    1
757198    1
6564      1
6596      1
6603      1
6610      1
6617      1
6624      1
6631      1
6638      1
6645      1
6652      1
6659      1
6666      1
6673      1
6680      1
6687      1
6694      1
6701      1
6708      1
6715      1
6722      1
6729      1
6736      1
6743      1
6750      1
6759      1
6766      1
6773      1
725943    1
202309    1
725944    1
202311    1
1917      1
234923    1
1918      1
234924    1
7091      1
1919      1
7006      1
7008      1
7012      1
7018      1
7025      1
7032      1
7039      1
7046      1
7053      1
7060      1
7067      1
7074      1
7081      1
7088      1
1920      1
1921      1
7095      1
1922      1
1923      1
725713    1
1924      1
202246    1
7102      1
725714    1
1925      1
725715    1
202247    1
1926      1
7109      1
202248    1
725716    1
1927      1
725717    1
202249    1
7116      1
1928      1
1929      1
202250    1
725718    1
202251    1
7123      1
725719    1
725720    1
1930      1
202252    1
725721    1
7130      1
1931      1
725722    1
202254    1
1932      1
725723    1
202253    1
7137      1
725724    1
1933      1
725725    1
202255    1
7144      1
1934      1
202257    1
725726    1
1935      1
725727    1
725728    1
7151      1
1936      1
725729    1
1937      1
725730    1
7158      1
1938      1
1939      1
725731    1
725732    1
725733    1
7165      1
1940      1
1941      1
1942      1
1943      1
1944      1
7172      1
1945      1
1946      1
1947      1
1948      1
1949      1
1950      1
7179      1
1951      1
1952      1
1953      1
1954      1
7186      1
1955      1
1956      1
1957      1
1958      1
1959      1
7193      1
1960      1
1961      1
1962      1
1963      1
725945    1
234941    1
659156    1
202313    1
1964      1
202314    1
1965      1
7200      1
1966      1
1967      1
1968      1
757095    1
7207      1
757096    1
1969      1
757097    1
1970      1
757098    1
7214      1
1971      1
757099    1
1972      1
7219      1
7220      1
7221      1
7222      1
7223      1
7225      1
7226      1
7227      1
7228      1
7229      1
7230      1
7232      1
7233      1
7234      1
7235      1
7236      1
7237      1
7239      1
7240      1
7242      1
7241      1
7243      1
7244      1
7246      1
7247      1
7248      1
7249      1
7250      1
7251      1
7252      1
7253      1
7256      1
7255      1
7257      1
7258      1
7259      1
7260      1
7262      1
7263      1
7264      1
7265      1
7266      1
7267      1
7269      1
7270      1
7271      1
7272      1
7273      1
7274      1
7275      1
7276      1
7277      1
7278      1
7279      1
7281      1
7280      1
7282      1
7283      1
7284      1
7285      1
7286      1
7287      1
7288      1
7289      1
7290      1
7292      1
7291      1
7293      1
7294      1
7295      1
7296      1
7297      1
7298      1
7299      1
7300      1
7301      1
7302      1
7303      1
7304      1
7305      1
7306      1
7307      1
7308      1
7309      1
7310      1
7311      1
7312      1
7313      1
7314      1
7315      1
7317      1
7316      1
7318      1
7319      1
7320      1
7321      1
7322      1
7323      1
7324      1
7325      1
7326      1
7328      1
7327      1
7329      1
7330      1
7331      1
7332      1
7333      1
7334      1
7335      1
7336      1
7338      1
7337      1
7340      1
7339      1
7341      1
7342      1
7343      1
7344      1
7345      1
7346      1
7347      1
7348      1
7349      1
7350      1
7352      1
7355      1
7354      1
7351      1
7353      1
7356      1
7357      1
7358      1
7359      1
7360      1
7361      1
7362      1
7363      1
7364      1
7365      1
7366      1
7367      1
7368      1
7369      1
7370      1
7371      1
7372      1
7373      1
7374      1
7375      1
7376      1
7378      1
7377      1
7379      1
7380      1
7381      1
7382      1
7383      1
7390      1
7388      1
7387      1
7389      1
7385      1
7384      1
7386      1
7391      1
7392      1
7393      1
7394      1
7395      1
7396      1
7397      1
7398      1
7400      1
7399      1
7401      1
7402      1
7403      1
7404      1
7405      1
7406      1
7407      1
7408      1
7409      1
7411      1
7410      1
7412      1
7413      1
7414      1
7415      1
7416      1
7417      1
7418      1
7419      1
7422      1
7421      1
7420      1
7423      1
7424      1
7425      1
7426      1
7427      1
7428      1
7429      1
7431      1
7430      1
7432      1
7433      1
7434      1
7435      1
7436      1
7437      1
7438      1
7439      1
7440      1
7441      1
7443      1
7442      1
7444      1
7445      1
7446      1
7448      1
7447      1
7449      1
7450      1
7451      1
7452      1
7453      1
7454      1
7455      1
7456      1
7458      1
7457      1
7459      1
7460      1
7461      1
7462      1
7463      1
7464      1
7465      1
7466      1
7467      1
7468      1
7469      1
7471      1
7470      1
7472      1
7473      1
7474      1
7475      1
7476      1
7477      1
7478      1
7479      1
7481      1
7480      1
7482      1
7483      1
7484      1
7485      1
7486      1
7487      1
7488      1
7489      1
7490      1
7491      1
7492      1
7493      1
7495      1
7494      1
7496      1
7497      1
7498      1
7499      1
7501      1
7503      1
7504      1
7506      1
7507      1
7508      1
7509      1
7511      1
7512      1
7513      1
7514      1
7515      1
7517      1
7518      1
7519      1
7520      1
7521      1
7523      1
725946    1
7524      1
7525      1
7526      1
7527      1
7529      1
7530      1
7531      1
7532      1
7533      1
7535      1
7536      1
7537      1
7538      1
7539      1
7541      1
7542      1
7543      1
7544      1
7545      1
7547      1
7548      1
7549      1
7553      1
7550      1
7551      1
7554      1
7555      1
7556      1
7557      1
7559      1
7560      1
7561      1
7562      1
7563      1
7565      1
7566      1
7567      1
7568      1
7569      1
7571      1
7572      1
7573      1
202315    1
202316    1
234942    1
234943    1
7574      1
7575      1
7098      1
7577      1
7578      1
202318    1
725947    1
7579      1
202317    1
725948    1
725949    1
725950    1
725951    1
725952    1
725953    1
725956    1
725954    1
725955    1
725957    1
725958    1
725959    1
725960    1
725961    1
725962    1
725963    1
659157    1
234944    1
659158    1
659159    1
659161    1
757199    1
659160    1
659162    1
659163    1
659164    1
659165    1
659166    1
659167    1
659168    1
659169    1
659170    1
659171    1
7580      1
7581      1
7583      1
7105      1
757200    1
757201    1
757202    1
202319    1
725964    1
7584      1
202320    1
7585      1
725965    1
234945    1
202321    1
202322    1
234946    1
7586      1
7587      1
7589      1
7112      1
7590      1
7591      1
725966    1
202323    1
202326    1
202325    1
202324    1
725967    1
725968    1
725969    1
725970    1
757203    1
757204    1
7592      1
7593      1
7595      1
7119      1
765475    1
757205    1
757206    1
765476    1
757207    1
765477    1
765480    1
757209    1
765478    1
757208    1
765479    1
757210    1
765481    1
757211    1
765482    1
757212    1
765483    1
765485    1
757214    1
765484    1
757213    1
757215    1
765486    1
757216    1
765487    1
765488    1
765489    1
765490    1
765491    1
202327    1
725971    1
725972    1
202328    1
202329    1
7596      1
7597      1
757217    1
757218    1
757219    1
757220    1
757221    1
757222    1
757223    1
725973    1
202330    1
202331    1
202332    1
725974    1
234947    1
234948    1
7598      1
7599      1
7126      1
7601      1
7602      1
7603      1
725975    1
202333    1
202334    1
725976    1
725977    1
7604      1
7605      1
7133      1
7607      1
202335    1
725978    1
202336    1
7608      1
7609      1
725979    1
725980    1
202337    1
202338    1
234949    1
234950    1
234951    1
234952    1
765492    1
765495    1
765494    1
757224    1
757225    1
765493    1
765496    1
765497    1
765498    1
7610      1
7611      1
7140      1
7613      1
757226    1
757227    1
202339    1
725981    1
7614      1
202340    1
7615      1
757229    1
659172    1
757228    1
725982    1
7616      1
7617      1
7147      1
7619      1
725983    1
202341    1
7620      1
202342    1
7621      1
725984    1
234957    1
234955    1
234954    1
202344    1
202343    1
234953    1
234958    1
234959    1
234960    1
234961    1
234962    1
234965    1
234967    1
234966    1
234963    1
234964    1
234969    1
659173    1
234968    1
659175    1
234971    1
659174    1
234970    1
234972    1
659177    1
659176    1
234973    1
234974    1
659179    1
659178    1
659180    1
234975    1
659181    1
234976    1
659182    1
234977    1
659183    1
234978    1
659184    1
234979    1
659185    1
234980    1
659187    1
659186    1
234981    1
659188    1
234982    1
659189    1
234983    1
659190    1
234984    1
659191    1
234985    1
234987    1
659193    1
659192    1
234986    1
659194    1
234988    1
659195    1
234989    1
659196    1
234990    1
659198    1
659197    1
234991    1
659200    1
234994    1
234992    1
659199    1
234993    1
234996    1
234995    1
659201    1
234997    1
235002    1
235001    1
234998    1
234999    1
235000    1
235011    1
235009    1
235008    1
235007    1
235010    1
235005    1
235004    1
235003    1
235006    1
235012    1
235013    1
235014    1
235015    1
235016    1
235024    1
235023    1
235021    1
235022    1
235019    1
235018    1
235017    1
235020    1
235025    1
235026    1
235027    1
235028    1
235029    1
235030    1
235037    1
235036    1
235035    1
235032    1
235033    1
235031    1
235034    1
235038    1
235039    1
235040    1
235041    1
235046    1
235044    1
235045    1
235043    1
235042    1
235047    1
235054    1
235053    1
235052    1
235055    1
235050    1
235049    1
235048    1
235051    1
235056    1
235057    1
235058    1
235059    1
235060    1
235061    1
235062    1
235063    1
235069    1
235067    1
235068    1
235065    1
235064    1
235066    1
235070    1
235071    1
235072    1
235073    1
235074    1
235075    1
235076    1
235077    1
235082    1
235081    1
235079    1
235078    1
235080    1
235083    1
235084    1
235085    1
235086    1
235087    1
235088    1
235092    1
235093    1
235091    1
235089    1
235090    1
235094    1
235095    1
235096    1
235097    1
235098    1
235099    1
235106    1
235105    1
235104    1
235102    1
235101    1
235100    1
235103    1
235107    1
235108    1
235114    1
235115    1
235113    1
235112    1
235111    1
235110    1
235109    1
235116    1
235117    1
235118    1
7622      1
7623      1
7625      1
7154      1
202345    1
7626      1
202346    1
7627      1
725985    1
725986    1
757231    1
765499    1
757230    1
725987    1
7628      1
7629      1
7161      1
7631      1
7632      1
7633      1
202348    1
725988    1
202347    1
725989    1
202349    1
202350    1
235119    1
235120    1
7634      1
7635      1
7637      1
7168      1
202351    1
7638      1
202352    1
7639      1
725990    1
757232    1
757233    1
725991    1
659202    1
235121    1
7640      1
7641      1
7175      1
7643      1
202354    1
725992    1
202353    1
7644      1
7645      1
765501    1
725993    1
202355    1
202356    1
235122    1
235123    1
7646      1
7647      1
7649      1
7182      1
725994    1
202357    1
725995    1
202358    1
7650      1
7651      1
725996    1
725997    1
725998    1
725999    1
726000    1
726001    1
726003    1
726004    1
726002    1
726005    1
726006    1
726007    1
726008    1
726009    1
659203    1
235124    1
659205    1
659204    1
659206    1
659207    1
659209    1
659208    1
659210    1
659211    1
659212    1
659213    1
659214    1
659215    1
659216    1
659217    1
757234    1
726010    1
757237    1
757235    1
757236    1
7652      1
7653      1
7655      1
7189      1
202359    1
726011    1
7656      1
202361    1
726012    1
7657      1
202362    1
726013    1
202363    1
202364    1
235125    1
235126    1
7658      1
7659      1
7661      1
7196      1
202365    1
202366    1
726014    1
7662      1
7663      1
757238    1
757239    1
726015    1
7664      1
7665      1
7203      1
7667      1
757240    1
202367    1
726016    1
7668      1
202368    1
7669      1
202370    1
202369    1
726017    1
235127    1
235128    1
7670      1
7671      1
7210      1
7673      1
726018    1
202371    1
7674      1
202372    1
7675      1
726019    1
726020    1
7676      1
7677      1
7679      1
7217      1