SourcePort
51907.0    40
50110.0    36
52810.0    36
53.0       31
65535.0    23
54212.0     5
54222.0     5
54216.0     5
54214.0     5
61469.0     5
54217.0     5
54213.0     5
54215.0     5
54224.0     5
54223.0     5
54219.0     5
54225.0     5
62356.0     4
58483.0     4
58727.0     4
62080.0     4
55492.0     4
52753.0     4
60272.0     4
60982.0     4
56142.0     4
58322.0     4
60901.0     4
62815.0     4
58533.0     4
58564.0     4
55889.0     4
65414.0     3
65401.0     3
65416.0     3
65411.0     3
65412.0     3
65413.0     3
65380.0     3
65372.0     3
65379.0     3
65419.0     3
56737.0     3
65382.0     3
65386.0     3
65392.0     3
65385.0     3
55948.0     3
57628.0     3
56873.0     3
61127.0     3
65403.0     3
65398.0     3
65402.0     3
65397.0     3
65405.0     3
65406.0     3
65407.0     3
65404.0     3
65410.0     3
65409.0     3
65408.0     3
65396.0     3
55935.0     3
61815.0     3
65393.0     3
61609.0     3
65395.0     3
65394.0     3
65388.0     3
65387.0     3
65389.0     3
65390.0     3
59040.0     3
60060.0     3
53220.0     3
61288.0     3
65417.0     3
65418.0     3
54221.0     2
138.0       2
62616.0     2
54220.0     2
65391.0     2
65374.0     1
62596.0     1
65373.0     1
65376.0     1
65375.0     1
65377.0     1
65378.0     1
59128.0     1
62602.0     1
62601.0     1
62599.0     1
62610.0     1
62613.0     1
62612.0     1
62614.0     1
62608.0     1
62607.0     1
62606.0     1
62605.0     1
62604.0     1
62600.0     1
62597.0     1
65381.0     1
65383.0     1
62611.0     1
62609.0     1
65384.0     1
62603.0     1
59640.0     1
53608.0     1
55277.0     1
57425.0     1
59286.0     1
56983.0     1
56549.0     1
62670.0     1
58329.0     1
56341.0     1
52873.0     1
62598.0     1
55004.0     1
61547.0     1
61400.0     1
62615.0     1
54218.0     1
59065.0     1
59370.0     1
57332.0     1
62850.0     1
61013.0     1
59093.0     1
56013.0     1
58371.0     1
58056.0     1
65400.0     1
65399.0     1
62617.0     1
54226.0     1
65415.0     1