TargetProcessId
0x4     43
3140    34
3268    33
3608    28
1824    18
1032     7
1048     6
768      4
6504     3
1648     3
5880     3
3052     3
2440     2
2272     1
1944     1
408      1
3304     1
604      1
612      1
680      1
532      1
868      1
880      1
888      1
908      1
1000     1
452      1
464      1
740      1
1084     1
1168     1
1192     1
1212     1
1204     1
1268     1
1324     1
1332     1
1340     1
1348     1
1448     1
1488     1
1524     1
1700     1
1516     1
704      1
1756     1
1740     1
1800     1
1904     1
2044     1
1888     1
1852     1
2068     1
2216     1
2232     1
2360     1
2420     1
2296     1
2556     1
2564     1
2592     1
2640     1
2668     1
2704     1
2988     1
2752     1
2928     1
3124     1
3132     1
3192     1
3212     1
3264     1
3284     1
3452     1
4404     1
3552     1
1772     1
4208     1
4712     1
4652     1
4704     1
4156     1
4340     1
1364     1
5492     1
3280     1
2808     1
5356     1
5972     1
5776     1
4836     1
4132     1
2484     1
5804     1
6024     1
3660     1
3016     1
5632     1
2828     1
4472     1
6424     1
5792     1
5568     1
6956     1
6152     1
2308     1
7836     1
1468     1
3620     1
8108     1
7220     1
6900     1
3592     1
6204     1
5288     1
2368     1
7512     1
3720     1
6128     1
7332     1
4928     1
7528     1
6284     1
448      1
2600     1
5984     1
4912     1
1440     1
7380     1
1684     1
6304     1
6436     1
2476     1
6452     1
1060     1
212      1
5092     1
7628     1
4120     1
2524     1
1400     1