TargetProcessId
0x4      320
6860      61
7428      52
1816      41
4584      25
2996      25
4368      24
9372      21
9320      14
11124     10
4756      10
13264      9
4800       6
12832      6
2948       5
10220      4
2604       2
432        1
540        1
616        1
624        1
708        1
716        1
756        1
860        1
868        1
876        1
944        1
992        1
404        1
516        1
544        1
1040       1
1100       1
1172       1
1212       1
1240       1
1260       1
1248       1
1308       1
1376       1
1400       1
1464       1
1648       1
1668       1
1684       1
1692       1
1716       1
1732       1
1740       1
1948       1
1804       1
2000       1
1084       1
1496       1
1928       1
2064       1
2296       1
2308       1
2332       1
2400       1
2448       1
2468       1
2640       1
2584       1
2648       1
2732       1
2748       1
2760       1
2844       1
2908       1
2552       1
3144       1
3164       1
3172       1
3208       1
3228       1
3292       1
3352       1
3368       1
3392       1
3408       1
3532       1
3540       1
3584       1
3932       1
4440       1
4400       1
1944       1
1940       1
5672       1
5716       1
5804       1
5872       1
2072       1
816        1
2920       1
3188       1
3252       1
4804       1
3436       1
5364       1
4452       1
4932       1
5112       1
1072       1
6284       1
6308       1
6612       1
6624       1
6892       1
6988       1
3968       1
4776       1
7384       1
8112       1
5776       1
5952       1
7992       1
5444       1
5544       1
6400       1
188        1
452        1
2108       1
2208       1
5524       1
2360       1
4636       1
4048       1
8864       1
3492       1
5496       1
5124       1
9740       1
9856       1
9264       1
9640       1
10324      1
9280       1
13208      1
10396      1
11516      1
12564      1
10192      1
3740       1
9108       1
5160       1
12332      1
6320       1
12980      1
9852       1
8812       1